5
1 1 1 1 1
1 1 3
1 3 1
3 1 1
5

4
1 1 1 1 1 1 1
1 1 5
1 5 1
5 1 1

0

0

0

1
1

0

180
1 1 1 1 1 1 1 1 1
1 1 1 1 1 1 1 2
1 1 1 1 1 1 2 1
1 1 1 1 1 1 3
1 1 1 1 1 2 1 1
1 1 1 1 1 3 1
1 1 1 1 2 1 1 1
1 1 1 1 2 2 1
1 1 1 1 2 2 1
1 1 1 1 2 2 1
1 1 1 1 2 2 1
1 1 1 1 2 2 1
1 1 1 1 3 1 1
1 1 1 1 5
1 1 1 2 1 1 1 1
1 1 1 2 1 1 2
1 1 1 2 1 3
1 1 1 2 1 3
1 1 1 2 1 3
1 1 1 2 1 3
1 1 1 2 1 3
1 1 1 2 3 1
1 1 1 2 3 1
1 1 1 2 3 1
1 1 1 2 3 1
1 1 1 3 1 1 1
1 1 1 5 1
1 1 2 1 1 1 1 1
1 1 2 1 1 1 2
1 1 2 1 2 1 1
1 1 2 1 2 1 1
1 1 2 1 2 1 1
1 1 2 1 2 1 1
1 1 2 5
1 1 2 5
1 1 2 5
1 1 3 1 1 1 1
1 1 3 1 1 2
1 1 3 2 1 1
1 1 3 2 1 1
1 1 3 2 1 1
1 1 5 1 1
1 1 7
1 2 1 1 1 1 1 1
1 2 1 1 1 1 2
1 2 1 2 1 1 1
1 2 1 2 1 1 1
1 2 1 2 1 1 1
1 2 1 3 1 1
1 2 1 3 1 1
1 2 1 3 1 1
1 2 2 1 1 1 1
1 2 2 1 1 1 1
1 2 2 1 3
1 2 2 1 3
1 2 2 1 3
1 2 2 1 3
1 2 2 1 3
1 2 2 1 3
1 3 1 1 1 1 1
1 3 1 1 1 2
1 3 3 1 1
1 3 3 1 1
1 5 1 1 1
1 7 1
2 1 1 1 1 1 1 1
2 1 1 1 1 1 2
2 1 1 1 1 1 2
2 1 1 1 1 1 2
2 1 1 2 2 1
2 1 1 2 2 1
2 1 1 2 2 1
2 1 1 2 2 1
2 1 1 2 2 1
2 1 1 2 2 1
2 1 2 1 1 2
2 1 2 1 1 2
2 1 2 1 1 2
2 1 2 1 1 2
2 1 2 3 1
2 1 2 3 1
2 1 2 3 1
2 1 3 1 1 1
2 1 3 1 1 1
2 1 5 1
2 1 5 1
2 2 1 1 1 1 1
2 2 1 1 1 2
2 2 1 1 1 2
2 2 1 1 1 2
2 2 1 1 1 2
2 2 1 1 1 2
2 2 1 1 1 2
2 2 1 2 1 1
2 2 1 2 1 1
2 2 1 2 1 1
2 2 2 1 1 1
2 2 2 1 2
2 2 2 1 2
2 2 2 1 2
2 2 2 1 2
2 2 2 2 1
2 2 2 3
2 2 3 1 1
2 2 3 2
2 2 5
2 3 1 1 1 1
2 3 1 1 2
2 3 1 1 2
2 3 1 1 2
2 3 1 1 2
2 3 1 1 2
2 3 1 1 2
2 3 2 1 1
2 3 2 1 1
2 3 2 2
2 3 2 2
2 5 1 1
2 5 2
2 7
3 1 1 1 1 1 1
3 1 1 1 1 2
3 1 1 1 1 2
3 1 1 1 1 2
3 1 1 1 2 1
3 1 1 1 2 1
3 1 1 1 2 1
3 1 1 1 2 1
3 1 1 1 3
3 1 1 1 3
3 1 1 1 3
3 1 1 1 3
3 1 1 3 1
3 1 1 3 1
3 1 1 3 1
3 1 2 1 1 1
3 1 2 1 1 1
3 1 2 2 1
3 1 2 2 1
3 1 2 2 1
3 1 2 2 1
3 1 2 2 1
3 1 2 2 1
3 1 5
3 1 5
3 2 1 1 1 1
3 2 1 1 2
3 2 1 1 2
3 2 1 1 2
3 2 1 1 2
3 2 1 1 2
3 2 1 1 2
3 2 1 3
3 2 1 3
3 2 1 3
3 2 1 3
3 2 1 3
3 2 1 3
3 2 3 1
3 2 3 1
3 3 1 1 1
3 3 1 2
3 3 1 2
3 3 1 2
3 3 2 1
3 3 3
3 5 1
5 1 1 1 1
5 1 1 2
5 1 1 2
5 1 1 2
5 1 2 1
5 1 2 1
5 1 3
5 1 3
5 2 1 1
5 2 2
5 3 1
7 1 1
7 2

1
9 9

3
12 12 200
12 200 12
200 12 12

0

610
1 1 1 1 1 1 1 1 1 1 1 1 1 1 1
1 1 1 1 1 1 1 1 1 1 1 1 3
1 1 1 1 1 1 1 1 1 1 1 3 1
1 1 1 1 1 1 1 1 1 1 3 1 1
1 1 1 1 1 1 1 1 1 1 5
1 1 1 1 1 1 1 1 1 3 1 1 1
1 1 1 1 1 1 1 1 1 5 1
1 1 1 1 1 1 1 1 3 1 1 1 1
1 1 1 1 1 1 1 1 3 3 1
1 1 1 1 1 1 1 1 3 3 1
1 1 1 1 1 1 1 1 3 3 1
1 1 1 1 1 1 1 1 3 3 1
1 1 1 1 1 1 1 1 3 3 1
1 1 1 1 1 1 1 1 3 3 1
1 1 1 1 1 1 1 1 3 3 1
1 1 1 1 1 1 1 1 3 3 1
1 1 1 1 1 1 1 1 3 3 1
1 1 1 1 1 1 1 1 5 1 1
1 1 1 1 1 1 1 1 7
1 1 1 1 1 1 1 3 1 1 1 1 1
1 1 1 1 1 1 1 5 1 1 1
1 1 1 1 1 1 1 7 1
1 1 1 1 1 1 3 1 1 1 1 1 1
1 1 1 1 1 1 3 1 1 1 3
1 1 1 1 1 1 3 1 3 1 1
1 1 1 1 1 1 3 1 3 1 1
1 1 1 1 1 1 3 1 3 1 1
1 1 1 1 1 1 3 1 3 1 1
1 1 1 1 1 1 3 1 3 1 1
1 1 1 1 1 1 3 1 3 1 1
1 1 1 1 1 1 3 1 3 1 1
1 1 1 1 1 1 3 1 3 1 1
1 1 1 1 1 1 3 5 1
1 1 1 1 1 1 3 5 1
1 1 1 1 1 1 3 5 1
1 1 1 1 1 1 3 5 1
1 1 1 1 1 1 3 5 1
1 1 1 1 1 1 3 5 1
1 1 1 1 1 1 3 5 1
1 1 1 1 1 1 5 1 1 1 1
1 1 1 1 1 1 7 1 1
1 1 1 1 1 1 9
1 1 1 1 1 3 1 1 1 1 1 1 1
1 1 1 1 1 3 1 1 1 1 3
1 1 1 1 1 3 1 1 5
1 1 1 1 1 3 1 1 5
1 1 1 1 1 3 1 1 5
1 1 1 1 1 3 1 1 5
1 1 1 1 1 3 1 1 5
1 1 1 1 1 3 1 1 5
1 1 1 1 1 3 1 1 5
1 1 1 1 1 3 1 1 5
1 1 1 1 1 5 1 1 1 1 1
1 1 1 1 1 7 1 1 1
1 1 1 1 1 9 1
1 1 1 1 3 1 1 1 1 1 1 1 1
1 1 1 1 3 1 1 1 1 1 3
1 1 1 1 3 1 1 3 1 1 1
1 1 1 1 3 1 1 3 1 1 1
1 1 1 1 3 1 1 3 1 1 1
1 1 1 1 3 1 1 3 1 1 1
1 1 1 1 3 1 1 3 1 1 1
1 1 1 1 3 1 1 3 1 1 1
1 1 1 1 3 1 1 3 1 1 1
1 1 1 1 3 1 3 1 1 1 1
1 1 1 1 3 1 3 1 1 1 1
1 1 1 1 3 1 3 1 1 1 1
1 1 1 1 3 1 3 1 1 1 1
1 1 1 1 3 1 3 1 1 1 1
1 1 1 1 3 1 3 1 1 1 1
1 1 1 1 3 1 5 1 1
1 1 1 1 3 1 5 1 1
1 1 1 1 3 1 5 1 1
1 1 1 1 3 1 5 1 1
1 1 1 1 3 1 5 1 1
1 1 1 1 3 1 5 1 1
1 1 1 1 3 7 1
1 1 1 1 3 7 1
1 1 1 1 3 7 1
1 1 1 1 3 7 1
1 1 1 1 3 7 1
1 1 1 1 5 1 1 1 1 1 1
1 1 1 1 5 1 1 1 3
1 1 1 1 5 3 1 1 1
1 1 1 1 5 3 1 1 1
1 1 1 1 5 3 1 1 1
1 1 1 1 5 3 1 1 1
1 1 1 1 5 3 1 1 1
1 1 1 1 7 1 1 1 1
1 1 1 1 9 1 1
1 1 1 1 11
1 1 1 3 1 1 1 1 1 1 1 1 1
1 1 1 3 1 1 1 1 1 1 3
1 1 1 3 3 1 3 1 1
1 1 1 3 3 1 3 1 1
1 1 1 3 3 1 3 1 1
1 1 1 3 3 1 3 1 1
1 1 1 3 3 1 3 1 1
1 1 1 3 3 1 3 1 1
1 1 1 3 3 1 3 1 1
1 1 1 3 3 1 3 1 1
1 1 1 3 3 1 3 1 1
1 1 1 3 3 1 3 1 1
1 1 1 3 3 1 3 1 1
1 1 1 3 3 1 3 1 1
1 1 1 3 3 1 3 1 1
1 1 1 3 3 1 3 1 1
1 1 1 3 3 1 3 1 1
1 1 1 5 1 1 1 1 1 1 1
1 1 1 5 1 1 1 1 3
1 1 1 7 1 1 1 1 1
1 1 1 9 1 1 1
1 1 1 11 1
1 1 3 1 1 1 1 1 1 1 1 1 1
1 1 3 1 1 1 1 1 1 1 3
1 1 3 1 1 1 7
1 1 3 1 1 1 7
1 1 3 1 1 1 7
1 1 3 1 1 1 7
1 1 3 1 1 1 7
1 1 3 1 1 1 7
1 1 3 1 1 5 1 1 1
1 1 3 1 1 5 1 1 1
1 1 3 1 1 5 1 1 1
1 1 3 1 1 5 1 1 1
1 1 3 1 1 5 1 1 1
1 1 3 1 3 1 1 1 1 1 1
1 1 3 1 3 1 1 1 1 1 1
1 1 3 1 3 1 1 1 1 1 1
1 1 3 1 3 1 1 1 1 1 1
1 1 3 1 5 1 1 1 1
1 1 3 1 5 1 1 1 1
1 1 3 1 5 1 1 1 1
1 1 3 1 5 1 1 1 1
1 1 3 1 7 1 1
1 1 3 1 7 1 1
1 1 3 1 7 1 1
1 1 3 1 7 1 1
1 1 3 9 1
1 1 3 9 1
1 1 3 9 1
1 1 5 1 1 1 1 1 1 1 1
1 1 5 1 1 1 1 1 3
1 1 5 1 1 1 1 3 1
1 1 5 1 3 1 1 1 1
1 1 5 1 3 1 1 1 1
1 1 5 1 3 1 1 1 1
1 1 5 1 3 1 1 1 1
1 1 5 5 1 1 1
1 1 5 5 1 1 1
1 1 5 5 1 1 1
1 1 7 1 1 1 1 1 1
1 1 7 1 1 1 3
1 1 9 1 1 1 1
1 1 11 1 1
1 1 13
1 3 1 1 1 1 1 1 1 1 1 1 1
1 3 1 1 1 1 1 1 1 1 3
1 3 1 1 1 1 3 3 1
1 3 1 1 1 1 3 3 1
1 3 1 1 1 1 3 3 1
1 3 1 1 1 1 3 3 1
1 3 1 1 1 1 3 3 1
1 3 1 1 1 1 3 3 1
1 3 1 1 1 3 1 1 1 1 1
1 3 1 1 1 3 1 1 1 1 1
1 3 1 1 1 3 1 1 1 1 1
1 3 1 1 1 3 1 1 1 1 1
1 3 1 1 1 3 1 1 1 1 1
1 3 1 1 3 1 1 1 3
1 3 1 1 3 1 1 1 3
1 3 1 1 3 1 1 1 3
1 3 1 1 3 1 1 1 3
1 3 1 1 3 1 1 1 3
1 3 1 1 3 1 1 1 3
1 3 1 1 3 1 1 1 3
1 3 1 3 1 1 1 1 3
1 3 1 3 1 1 1 1 3
1 3 1 3 1 1 1 1 3
1 3 1 3 1 1 1 1 3
1 3 1 3 1 1 1 1 3
1 3 1 3 1 1 1 1 3
1 3 1 3 1 1 5
1 3 1 3 1 1 5
1 3 1 3 1 1 5
1 3 1 3 1 1 5
1 3 1 3 1 1 5
1 3 1 3 1 1 5
1 3 1 3 1 1 5
1 3 1 3 1 1 5
1 3 1 3 1 1 5
1 3 1 3 1 1 5
1 3 1 3 1 1 5
1 3 1 3 1 1 5
1 3 1 3 1 1 5
1 3 1 3 1 1 5
1 3 1 3 1 1 5
1 3 3 1 5 1 1
1 3 3 1 5 1 1
1 3 3 1 5 1 1
1 3 3 1 5 1 1
1 3 3 1 5 1 1
1 3 3 1 5 1 1
1 5 1 1 1 1 1 1 1 1 1
1 5 1 1 1 1 1 1 3
1 5 1 1 1 1 1 3 1
1 5 1 1 1 5 1
1 5 1 1 1 5 1
1 5 1 1 1 5 1
1 5 1 1 1 5 1
1 5 1 1 1 5 1
1 5 1 1 7
1 5 1 1 7
1 5 1 1 7
1 5 1 1 7
1 5 3 1 1 1 3
1 5 3 1 1 1 3
1 5 3 1 1 1 3
1 5 3 1 1 1 3
1 5 3 1 1 1 3
1 7 1 1 1 1 1 1 1
1 7 1 1 1 1 3
1 9 1 1 1 1 1
1 11 1 1 1
1 13 1
3 1 1 1 1 1 1 1 1 1 1 1 1
3 1 1 1 1 1 1 1 1 1 3
3 1 1 1 1 1 1 1 1 1 3
3 1 1 1 1 1 1 1 1 1 3
3 1 1 1 1 1 1 1 1 1 3
3 1 1 1 1 1 3 3 1
3 1 1 1 1 1 3 3 1
3 1 1 1 1 1 3 3 1
3 1 1 1 1 1 3 3 1
3 1 1 1 1 1 3 3 1
3 1 1 1 1 1 3 3 1
3 1 1 1 1 1 3 3 1
3 1 1 1 1 1 3 3 1
3 1 1 1 1 1 3 3 1
3 1 1 1 1 1 3 3 1
3 1 1 1 1 1 3 3 1
3 1 1 1 1 1 3 3 1
3 1 1 1 1 1 3 3 1
3 1 1 1 1 1 3 3 1
3 1 1 1 1 1 3 3 1
3 1 1 1 3 5 1
3 1 1 1 3 5 1
3 1 1 1 3 5 1
3 1 1 1 3 5 1
3 1 1 1 3 5 1
3 1 1 1 3 5 1
3 1 1 1 3 5 1
3 1 1 1 3 5 1
3 1 1 1 3 5 1
3 1 1 1 3 5 1
3 1 1 1 9
3 1 1 1 9
3 1 1 1 9
3 1 1 1 9
3 1 1 3 1 1 1 1 1 1 1
3 1 1 3 1 1 1 1 1 1 1
3 1 1 3 1 1 1 1 1 1 1
3 1 1 5 1 1 1 1 1
3 1 1 5 1 1 1 1 1
3 1 1 5 1 1 1 1 1
3 1 1 7 1 1 1
3 1 1 7 1 1 1
3 1 1 7 1 1 1
3 1 3 1 1 1 1 1 1 1 1
3 1 3 1 1 1 1 1 1 1 1
3 1 3 1 1 1 1 1 3
3 1 3 1 1 1 1 1 3
3 1 3 1 1 1 1 1 3
3 1 3 1 1 1 1 1 3
3 1 3 1 1 1 1 1 3
3 1 3 1 1 3 1 1 1
3 1 3 1 1 3 1 1 1
3 1 3 1 1 3 1 1 1
3 1 3 1 1 3 1 1 1
3 1 3 1 1 3 1 1 1
3 1 3 1 1 3 1 1 1
3 1 3 1 1 3 1 1 1
3 1 3 1 1 3 1 1 1
3 1 3 1 1 3 1 1 1
3 1 3 1 1 3 1 1 1
3 1 3 1 3 1 1 1 1
3 1 3 1 3 1 1 1 1
3 1 3 1 3 1 1 1 1
3 1 3 1 3 1 1 1 1
3 1 3 1 3 1 1 1 1
3 1 3 1 3 1 1 1 1
3 1 3 7 1
3 1 3 7 1
3 1 3 7 1
3 1 5 1 1 1 1 1 1
3 1 5 1 1 1 1 1 1
3 1 5 1 1 1 3
3 1 5 1 1 1 3
3 1 5 1 1 1 3
3 1 5 1 1 1 3
3 1 5 1 1 1 3
3 1 5 3 1 1 1
3 1 5 3 1 1 1
3 1 5 3 1 1 1
3 1 5 3 1 1 1
3 1 5 3 1 1 1
3 1 5 3 1 1 1
3 1 7 1 1 1 1
3 1 7 1 1 1 1
3 1 9 1 1
3 1 9 1 1
3 1 11
3 1 11
3 3 1 1 1 1 1 1 1 1 1
3 3 1 1 1 1 1 1 3
3 3 1 1 1 1 1 1 3
3 3 1 1 1 1 1 1 3
3 3 1 1 1 1 1 1 3
3 3 1 1 1 1 1 1 3
3 3 1 1 1 1 1 1 3
3 3 1 1 1 1 1 1 3
3 3 1 1 1 1 1 1 3
3 3 1 1 1 1 1 1 3
3 3 1 1 1 1 1 1 3
3 3 1 1 3 3 1
3 3 1 1 3 3 1
3 3 1 1 3 3 1
3 3 1 1 3 3 1
3 3 1 1 3 3 1
3 3 1 1 3 3 1
3 3 1 1 3 3 1
3 3 1 1 3 3 1
3 3 1 1 3 3 1
3 3 1 1 3 3 1
3 3 1 1 7
3 3 1 1 7
3 3 1 1 7
3 3 1 1 7
3 3 1 1 7
3 3 1 1 7
3 3 1 3 1 1 1 1 1
3 3 1 3 1 1 1 1 1
3 3 1 3 1 1 1 1 1
3 3 1 5 1 1 1
3 3 1 5 1 1 1
3 3 1 5 1 1 1
3 3 3 1 1 1 1 1 1
3 3 3 1 1 1 3
3 3 3 1 1 1 3
3 3 3 1 1 1 3
3 3 3 1 1 1 3
3 3 3 1 1 1 3
3 3 3 1 1 1 3
3 3 3 1 1 1 3
3 3 3 1 1 1 3
3 3 3 1 1 1 3
3 3 3 1 1 1 3
3 3 3 1 1 1 3
3 3 3 1 1 1 3
3 3 3 1 1 1 3
3 3 3 1 1 1 3
3 3 3 1 1 1 3
3 3 3 1 1 1 3
3 3 3 1 1 1 3
3 3 3 1 1 1 3
3 3 3 1 1 1 3
3 3 3 1 1 1 3
3 3 3 1 3 1 1
3 3 3 1 3 1 1
3 3 3 1 3 1 1
3 3 3 1 3 1 1
3 3 3 1 5
3 3 3 1 5
3 3 3 1 5
3 3 3 1 5
3 3 3 3 1 1 1
3 3 3 3 3
3 3 3 5 1
3 3 5 1 1 1 1
3 3 5 1 3
3 3 5 1 3
3 3 5 1 3
3 3 5 1 3
3 3 7 1 1
3 3 9
3 5 1 1 1 1 1 1 1
3 5 1 1 1 1 3
3 5 1 1 1 1 3
3 5 1 1 1 1 3
3 5 1 1 1 1 3
3 5 1 1 1 1 3
3 5 1 1 1 1 3
3 5 1 1 1 1 3
3 5 1 1 1 1 3
3 5 1 1 1 1 3
3 5 1 1 1 1 3
3 5 3 1 1 1 1
3 5 3 1 1 1 1
3 5 3 1 3
3 5 3 1 3
3 5 3 1 3
3 5 3 1 3
3 5 3 1 3
3 5 3 1 3
3 5 3 1 3
3 5 3 1 3
3 5 3 3 1
3 5 7
3 5 7
3 7 1 1 1 1 1
3 7 1 1 3
3 7 1 1 3
3 7 1 1 3
3 7 1 1 3
3 7 1 1 3
3 7 1 1 3
3 9 1 1 1
3 9 3
3 11 1
5 1 1 1 1 1 1 1 1 1 1
5 1 1 1 1 1 1 1 3
5 1 1 1 1 1 1 1 3
5 1 1 1 1 1 1 1 3
5 1 1 1 1 1 1 1 3
5 1 1 1 1 1 1 3 1
5 1 1 1 1 1 1 3 1
5 1 1 1 1 1 1 3 1
5 1 1 1 1 1 1 3 1
5 1 1 1 1 1 1 3 1
5 1 1 1 1 1 3 1 1
5 1 1 1 1 1 3 1 1
5 1 1 1 1 1 3 1 1
5 1 1 1 1 1 3 1 1
5 1 1 1 1 1 3 1 1
5 1 1 1 1 1 3 1 1
5 1 1 1 1 1 5
5 1 1 1 1 1 5
5 1 1 1 1 1 5
5 1 1 1 1 1 5
5 1 1 1 1 1 5
5 1 1 1 1 1 5
5 1 1 1 3 3 1
5 1 1 1 3 3 1
5 1 1 1 3 3 1
5 1 1 1 3 3 1
5 1 1 1 3 3 1
5 1 1 1 3 3 1
5 1 1 1 3 3 1
5 1 1 1 3 3 1
5 1 1 1 3 3 1
5 1 1 1 3 3 1
5 1 1 1 3 3 1
5 1 1 1 3 3 1
5 1 1 1 3 3 1
5 1 1 1 3 3 1
5 1 1 1 3 3 1
5 1 1 1 3 3 1
5 1 1 1 3 3 1
5 1 1 1 3 3 1
5 1 1 1 3 3 1
5 1 1 1 3 3 1
5 1 1 1 5 1 1
5 1 1 1 5 1 1
5 1 1 1 5 1 1
5 1 1 1 5 1 1
5 1 1 3 1 1 1 1 1
5 1 1 3 1 1 1 1 1
5 1 1 3 1 1 1 1 1
5 1 1 7 1
5 1 1 7 1
5 1 1 7 1
5 1 3 1 1 1 1 1 1
5 1 3 1 1 1 1 1 1
5 1 3 1 3 1 1
5 1 3 1 3 1 1
5 1 3 1 3 1 1
5 1 3 1 3 1 1
5 1 3 1 3 1 1
5 1 3 1 3 1 1
5 1 3 1 3 1 1
5 1 3 1 3 1 1
5 1 3 1 3 1 1
5 1 3 1 3 1 1
5 1 3 1 3 1 1
5 1 3 1 3 1 1
5 1 3 5 1
5 1 3 5 1
5 1 3 5 1
5 1 3 5 1
5 1 3 5 1
5 1 3 5 1
5 1 5 1 1 1 1
5 1 5 1 1 1 1
5 1 7 1 1
5 1 7 1 1
5 1 9
5 1 9
5 3 1 1 1 1 1 1 1
5 3 1 1 1 1 3
5 3 1 1 1 1 3
5 3 1 1 1 1 3
5 3 1 1 1 1 3
5 3 1 1 1 1 3
5 3 1 1 1 1 3
5 3 1 1 1 1 3
5 3 1 1 1 1 3
5 3 1 1 1 1 3
5 3 1 1 1 1 3
5 3 1 1 5
5 3 1 1 5
5 3 1 1 5
5 3 1 1 5
5 3 1 1 5
5 3 1 1 5
5 3 1 1 5
5 3 1 1 5
5 3 1 1 5
5 3 1 1 5
5 3 1 1 5
5 3 1 1 5
5 3 3 3 1
5 3 3 3 1
5 3 5 1 1
5 3 5 1 1
5 5 1 1 1 1 1
5 5 1 1 3
5 5 1 1 3
5 5 1 1 3
5 5 1 1 3
5 5 1 1 3
5 5 1 1 3
5 5 1 3 1
5 5 1 3 1
5 5 1 3 1
5 5 3 1 1
5 5 5
5 7 1 1 1
5 7 3
5 9 1
7 1 1 1 1 1 1 1 1
7 1 1 1 1 1 3
7 1 1 1 1 1 3
7 1 1 1 1 1 3
7 1 1 1 1 1 3
7 1 1 1 1 3 1
7 1 1 1 1 3 1
7 1 1 1 1 3 1
7 1 1 1 1 3 1
7 1 1 1 1 3 1
7 1 1 1 3 1 1
7 1 1 1 3 1 1
7 1 1 1 3 1 1
7 1 1 1 3 1 1
7 1 1 1 5
7 1 1 1 5
7 1 1 1 5
7 1 1 1 5
7 1 1 3 1 1 1
7 1 1 3 1 1 1
7 1 1 3 1 1 1
7 1 1 5 1
7 1 1 5 1
7 1 1 5 1
7 1 3 1 1 1 1
7 1 3 1 1 1 1
7 1 3 3 1
7 1 3 3 1
7 1 3 3 1
7 1 3 3 1
7 1 3 3 1
7 1 3 3 1
7 1 5 1 1
7 1 5 1 1
7 1 7
7 1 7
7 3 1 1 1 1 1
7 3 1 1 3
7 3 1 1 3
7 3 1 1 3
7 3 1 1 3
7 3 1 1 3
7 3 1 1 3
7 3 3 1 1
7 3 3 1 1
7 3 5
7 3 5
7 5 1 1 1
7 5 3
7 7 1
9 1 1 1 1 1 1
9 1 1 1 3
9 1 1 1 3
9 1 1 1 3
9 1 1 1 3
9 1 1 3 1
9 1 1 3 1
9 1 1 3 1
9 1 3 1 1
9 1 3 1 1
9 1 5
9 1 5
9 3 1 1 1
9 3 3
9 5 1
11 1 1 1 1
11 1 3
11 1 3
11 3 1
13 1 1
15

9
2 2 2 5
2 2 5 2
2 2 7
2 5 2 2
2 7 2
2 9
5 2 2 2
7 2 2
9 2

0