1
6

0

0

44
1 1 1 1 1 1 1
1 1 1 1 1 2
1 1 1 1 2 1
1 1 1 1 3
1 1 1 2 1 1
1 1 1 3 1
1 1 2 1 1 1
1 1 2 2 1
1 1 2 2 1
1 1 2 2 1
1 1 3 1 1
1 2 1 1 1 1
1 2 1 1 2
1 2 1 3
1 2 1 3
1 2 1 3
1 2 3 1
1 2 3 1
1 3 1 1 1
2 1 1 1 1 1
2 1 1 1 2
2 1 1 1 2
2 1 1 1 2
2 1 2 1 1
2 1 2 1 1
2 2 1 1 1
2 2 1 2
2 2 1 2
2 2 1 2
2 2 2 1
2 2 3
2 3 1 1
2 3 2
3 1 1 1 1
3 1 1 2
3 1 1 2
3 1 1 2
3 1 2 1
3 1 2 1
3 1 3
3 1 3
3 2 1 1
3 2 2
3 3 1

6
1 1 1 1 1 1 1
1 1 5
1 5 1
1 6
5 1 1
6 1

6
55 55 35 55
55 55 35 55
55 55 35 55
55 55 55 35
100 100
200